11111111 1111111111.
1661116661ωᾶ1616166161111116661 1

ἢ 11111116161111166166666661,8611116661.

(1616111161 16111, sed 61611111111111111111661 1
1111666116111611111161111186161111,1 1111- ,
11111666 1661111111 1111116111161161661611- 1
11116111611116111686ρ6116661111,16.1111-’
v 11161111616111116161161161,1161661111 :
161161 61 66666111116111111166111611166- 1
116111,6111166166116111[111661611611- 1
, 611616611666111611111116111, 1
6116661161611166661 1111611116 11116161.

1111111166111616111166111 111111 1616111111-

1161611161 61166166616111,11161111161116 1
. 1111661661- commodatatqueabunde}
1111111611616116611666111, 6611661611- ;
111116111611616611111111 (1616611161 cras 1
’1111111111 61161161166111 16166616161111611-ῑ

66166111666111 61116111111111611111 1
16611161611161166116111 6161111611611111 1
61116611661111111161111611 66111111111111161 1
1661611111611111111661111661

,611111 16116111111661161111,111111111111

61116111111116116866611611161116611ῑ

1111111. (11111661161111161111111,1611111-ἡ ;
11111611 11161111111 6616616111161111611 1
611111111166111, 1611 1166116666 us
66661116111111611161111111611111 6661111

 

