33ἷ 5555 333 555555 3333333333Χ

33333333 33333 33 3333 55 5 55C555555¹
5555 51555 333 33333333 55 333333

³' 333333 333 333 33333 33333 3333 33333333

5505505 33333 333333 3333333333
5⁶55 53555355 ‘5050515555‘55J

. 3333333333333333333333333333333
3333333133333333333 333 333333 3333333333
33333 33333333 33333333 3333333 3333335
33 333333 3333333 555555055555 5J555
555J ζ33333333 3333333333 555 3333333,
(3333333333 333 333 ἶ[3333. 33. 333333333333333
55¹ 3333333333 333333 33333 3333333333
55:555 1555551551555555151505 3333333333
5555 33 3333 3333333333333 33333333
» 3333333333 333333 55155550‘555555
w55555 333333 3333333 33333
-555 3- 33333 33333333333333333 55⁹ 15555555
»33 3333333333333, 33· 3333333333 33-
3333333333( 3333333 3333333333 .‚
-55 3333333333 s 3333333333 3333
3333333333 J5 3333333333333333

 

