33 111011,, 10,
11101001111011010111111 1111110100101110
11011111110111001011 010110111010100111
modu 11 11111111 11111001010110 01101110, ·

1101011011011111011111110 0111101101
fer 0111111, 0 01111 11111 11101 1111101111 0111,
10 101111011101111 1110111011111110 0011111.Ὶ v
0011001111010111001010 0010011011οῑ
1001 01111100 0111111,1” 11110101 ’1101
’ 100101 111, 1101110114111111100 0110111100ος
(1111101111
111111 110 ,111ὶο 0110111100 11019 110101 1010100111,
ebrietatem 010011 333 11011101 1011110111 315
’111100111111011101111111111010101110111110,ι
ventriculum nanciscamur 1110111111·- ,
1011111110111011.10101111011101101011,
111111111101110111111111111 1011101·οει
1011010110111,1,101111 01111111 111 0111110
110111011001111111 8111011 0111111111οσ0 ÷
1011101101011111011111111, ,11101001110011 ,
01101101010101110111001,100101111,01;
000011010111010111111 8111110 111101 1 ,1οῙ
01111111 10011111 101 11101110 0111111 1101100
1111110110 1110 quam 8111111110 111
, 101111100111111010111111 11 1110 111110Μ ‘³³³³
1111100111011111 010 1,1011..1101,11111--Σῦἢῠ
1101110111 11111111 0110101010 001111 10101 11
111111 1 quorum 0010100001 1101 3333„

D 33

 

