111 111111, 6
1111111,811111111111111 11111111111111
1111111111, 1 1181Ν1111111110,11111’111111111111
1111111111111111111111111111111811111 111-
1111111111 1111111111,1111111111111111111-
111111111111111111 ’1111111111 (1118111111
111111111111111111111111, 8111111111111111111
11111111) 11110111111111111111111 1111111111- .
(101111111111 1111111111 811111111111111
1111111111 ,1111111111 1111111111 1111111111,
1111111111 imbecilla, 1111111111111111111
11111111111111, 811110111811), 11111111
1111111111111111111111111111111111111
81 1111111111 11111111) spo} 111 ,1111111111Πὲ
sortiantur Qodigiturabanti quis 111
111111111111111111111111 11111111111111111111
1111111011 111 ρ1ο1111111111111,11111111111111
1118111111111111111111 vero consentire
111111111111111111111113111 1111111111
1111111ρ11111111111 1111111111111111511
11111111111111111111 1111,111111111111
mum 11111111111111111111111111,11 1111 ,
111 11111110111111111111111 111111111111111111
11111111111111111 11111 Vi 1101111111 1111111
1111111181111111111111111111111111111
- 1111111111 ,111 11181111111111111111111111 ⁴331st
1111111111111111111111111101611111111 ’
11111111111111111111111011,111111111,1111

 

